epoch: 2
__loss__: 2.3025829792022705
top1acc: 40.799991607666016
top5acc: 76.0